        A               C               D               E               F               G               H               I               K               L               M               N               P               Q              R                S               T               V               W               Y
A        4.600000        0.300000       -1.100000       -0.400000       -3.800000        0.200000       -1.800000       -1.800000       -1.200000       -2.200000       -1.200000       -1.200000       -0.100000       -0.700000      -1.600000         1.600000        0.500000        0.100000       -5.500000       -3.700000
C        0.300000       13.500000       -5.300000       -5.200000       -1.800000       -3.400000       -2.300000       -2.500000       -4.800000       -2.900000       -1.900000       -3.100000       -5.200000       -4.200000      -3.500000        -0.200000       -1.400000       -0.600000       -2.100000       -1.300000
D       -1.100000       -5.300000        7.000000        3.400000       -7.000000       -0.700000       -0.100000       -6.200000       -0.100000       -6.500000       -5.000000        2.600000       -1.900000        0.600000      -1.600000         0.000000       -0.600000       -4.900000       -7.800000       -4.200000
E       -0.400000       -5.200000        3.400000        5.900000       -6.200000       -2.100000       -0.100000       -4.300000        1.300000       -4.500000       -3.100000        0.500000       -1.400000        2.300000      -0.300000        -0.300000       -0.800000       -3.000000       -6.400000       -4.400000
F       -3.800000       -1.800000       -7.000000       -6.200000        9.100000       -7.600000       -0.700000        0.300000       -5.300000        1.900000        1.400000       -4.700000       -5.800000       -4.100000      -5.300000        -4.500000       -3.600000       -0.800000        3.200000        5.600000
G        0.200000       -3.400000       -0.700000       -2.100000       -7.600000        8.200000       -2.700000       -7.000000       -2.400000       -6.700000       -5.200000       -0.200000       -3.000000       -2.100000      -2.100000        -0.100000       -2.400000       -5.200000       -5.500000       -6.000000
H       -1.800000       -2.300000       -0.100000       -0.100000       -0.700000       -2.700000        9.300000       -3.700000        0.200000       -3.200000       -2.100000        1.500000       -2.200000        1.700000       0.300000        -0.800000       -0.800000       -3.500000       -1.900000        2.700000
I       -1.800000       -2.500000       -6.200000       -4.300000        0.300000       -7.000000       -3.700000        5.900000       -3.500000        3.000000        2.900000       -4.400000       -4.300000       -3.200000      -4.100000        -3.300000       -1.200000        4.000000       -3.400000       -2.000000
K       -1.200000       -4.800000       -0.100000        1.300000       -5.300000       -2.400000        0.200000       -3.500000        5.500000       -3.400000       -2.100000        0.800000       -1.600000        2.000000       3.500000        -0.400000       -0.200000       -3.000000       -5.400000       -3.500000
L       -2.200000       -2.900000       -6.500000       -4.500000        1.900000       -6.700000       -3.200000        3.000000       -3.400000        5.700000        3.400000       -4.800000       -3.500000       -2.400000      -3.500000        -3.600000       -2.400000        1.700000       -2.000000       -1.100000
M       -1.200000       -1.900000       -5.000000       -3.100000        1.400000       -5.200000       -2.100000        2.900000       -2.100000        3.400000        7.600000       -3.600000       -4.200000       -1.200000      -2.900000        -2.300000       -1.100000        1.400000       -2.200000       -1.300000
N       -1.200000       -3.100000        2.600000        0.500000       -4.700000       -0.200000        1.500000       -4.400000        0.800000       -4.800000       -3.600000        6.500000       -2.200000        0.500000      -0.400000         1.100000        0.300000       -3.800000       -5.500000       -2.200000
P       -0.100000       -5.200000       -1.900000       -1.400000       -5.800000       -3.000000       -2.200000       -4.300000       -1.600000       -3.500000       -4.200000       -2.200000        9.600000       -0.800000      -2.100000         0.000000       -0.400000       -3.200000       -7.400000       -4.800000
Q       -0.700000       -4.200000        0.600000        2.300000       -4.100000       -2.100000        1.700000       -3.200000        2.000000       -2.400000       -1.200000        0.500000       -0.800000        5.600000       1.700000        -0.200000       -0.400000       -2.700000       -4.000000       -2.900000
R       -1.600000       -3.500000       -1.600000       -0.300000       -5.300000       -2.100000        0.300000       -4.100000        3.500000       -3.500000       -2.900000       -0.400000       -2.100000        1.700000       7.100000        -0.900000       -0.900000       -3.400000       -2.400000       -2.900000
S        1.600000       -0.200000        0.000000       -0.300000       -4.500000       -0.100000       -0.800000       -3.300000       -0.400000       -3.600000       -2.300000        1.100000        0.000000       -0.200000      -0.900000         4.400000        2.300000       -2.000000       -4.700000       -2.800000
T        0.500000       -1.400000       -0.600000       -0.800000       -3.600000       -2.400000       -0.800000       -1.200000       -0.200000       -2.400000       -1.100000        0.300000       -0.400000       -0.400000      -0.900000         2.300000        5.000000        0.000000       -5.400000       -3.200000
V        0.100000       -0.600000       -4.900000       -3.000000       -0.800000       -5.200000       -3.500000        4.000000       -3.000000        1.700000        1.400000       -3.800000       -3.200000       -2.700000      -3.400000        -2.000000        0.000000        5.300000       -4.500000       -2.400000
W       -5.500000       -2.100000       -7.800000       -6.400000        3.200000       -5.500000       -1.900000       -3.400000       -5.400000       -2.000000       -2.200000       -5.500000       -7.400000       -4.000000      -2.400000        -4.700000       -5.400000       -4.500000       15.800000        3.800000
Y       -3.700000       -1.300000       -4.200000       -4.400000        5.600000       -6.000000        2.700000       -2.000000       -3.500000       -1.100000       -1.300000       -2.200000       -4.800000       -2.900000      -2.900000        -2.800000       -3.200000       -2.400000        3.800000       10.000000